DataPath,TrainFile,TestFile,DiscVar,ClassPos,LogPath,NumHs
21/,21.05.train.arff,21.05.test.arff,1,7,/home/jlflores/src/21/,100
21/,21.05.train.arff,21.05.test.arff,2,7,/home/jlflores/src/21/,100
21/,21.05.train.arff,21.05.test.arff,3,7,/home/jlflores/src/21/,100
21/,21.05.train.arff,21.05.test.arff,4,7,/home/jlflores/src/21/,100
21/,21.05.train.arff,21.05.test.arff,5,7,/home/jlflores/src/21/,100
21/,21.05.train.arff,21.05.test.arff,6,7,/home/jlflores/src/21/,100
